title   title   title   title   title   title
-2.000000000000000042e-02	-2.000000000000000042e-02	-1.055599999999999941e-02	0.000000000000000000e+00	0.000000000000000000e+00	-1.386223995470436676e-01
-1.733333333333333254e-02	-2.000000000000000042e-02	-1.055599999999999941e-02	0.000000000000000000e+00	0.000000000000000000e+00	-1.537637158855950648e-01
-1.466666666666666466e-02	-2.000000000000000042e-02	-1.055599999999999941e-02	0.000000000000000000e+00	0.000000000000000000e+00	-1.719131025087997922e-01
-1.199999999999999678e-02	-2.000000000000000042e-02	-1.055599999999999941e-02	0.000000000000000000e+00	0.000000000000000000e+00	-1.886227391605876658e-01
-9.333333333333328902e-03	-2.000000000000000042e-02	-1.055599999999999941e-02	0.000000000000000000e+00	0.000000000000000000e+00	-1.948196299494349137e-01
-6.666666666666661023e-03	-2.000000000000000042e-02	-1.055599999999999941e-02	0.000000000000000000e+00	0.000000000000000000e+00	-1.772734209657598203e-01
-3.999999999999993144e-03	-2.000000000000000042e-02	-1.055599999999999941e-02	0.000000000000000000e+00	0.000000000000000000e+00	-1.271004315258578710e-01
-1.333333333333325266e-03	-2.000000000000000042e-02	-1.055599999999999941e-02	0.000000000000000000e+00	0.000000000000000000e+00	-4.643999272605392470e-02
1.333333333333342613e-03	-2.000000000000000042e-02	-1.055599999999999941e-02	0.000000000000000000e+00	0.000000000000000000e+00	4.643999272605448675e-02
4.000000000000010492e-03	-2.000000000000000042e-02	-1.055599999999999941e-02	0.000000000000000000e+00	0.000000000000000000e+00	1.271004315258582595e-01
6.666666666666678370e-03	-2.000000000000000042e-02	-1.055599999999999941e-02	0.000000000000000000e+00	0.000000000000000000e+00	1.772734209657599869e-01
9.333333333333346249e-03	-2.000000000000000042e-02	-1.055599999999999941e-02	0.000000000000000000e+00	0.000000000000000000e+00	1.948196299494351080e-01
1.200000000000001413e-02	-2.000000000000000042e-02	-1.055599999999999941e-02	0.000000000000000000e+00	0.000000000000000000e+00	1.886227391605876103e-01
1.466666666666667854e-02	-2.000000000000000042e-02	-1.055599999999999941e-02	0.000000000000000000e+00	0.000000000000000000e+00	1.719131025087997644e-01
1.733333333333334988e-02	-2.000000000000000042e-02	-1.055599999999999941e-02	0.000000000000000000e+00	0.000000000000000000e+00	1.537637158855949537e-01
2.000000000000002123e-02	-2.000000000000000042e-02	-1.055599999999999941e-02	0.000000000000000000e+00	0.000000000000000000e+00	1.386223995470435844e-01
2.266666666666668564e-02	-2.000000000000000042e-02	-1.055599999999999941e-02	0.000000000000000000e+00	0.000000000000000000e+00	1.272443439625522699e-01
-2.000000000000000042e-02	-1.733333333333333254e-02	-1.055599999999999941e-02	0.000000000000000000e+00	0.000000000000000000e+00	-1.774196721756866046e-01
-1.733333333333333254e-02	-1.733333333333333254e-02	-1.055599999999999941e-02	0.000000000000000000e+00	0.000000000000000000e+00	-2.142658878658333099e-01
-1.466666666666666466e-02	-1.733333333333333254e-02	-1.055599999999999941e-02	0.000000000000000000e+00	0.000000000000000000e+00	-2.645385808028166141e-01
-1.199999999999999678e-02	-1.733333333333333254e-02	-1.055599999999999941e-02	0.000000000000000000e+00	0.000000000000000000e+00	-3.190921577383680208e-01
-9.333333333333328902e-03	-1.733333333333333254e-02	-1.055599999999999941e-02	0.000000000000000000e+00	0.000000000000000000e+00	-3.573737730007064406e-01
-6.666666666666661023e-03	-1.733333333333333254e-02	-1.055599999999999941e-02	0.000000000000000000e+00	0.000000000000000000e+00	-3.458043939010945200e-01
-3.999999999999993144e-03	-1.733333333333333254e-02	-1.055599999999999941e-02	0.000000000000000000e+00	0.000000000000000000e+00	-2.581198367438069519e-01
-1.333333333333325266e-03	-1.733333333333333254e-02	-1.055599999999999941e-02	0.000000000000000000e+00	0.000000000000000000e+00	-9.626837259788578738e-02
1.333333333333342613e-03	-1.733333333333333254e-02	-1.055599999999999941e-02	0.000000000000000000e+00	0.000000000000000000e+00	9.626837259788698087e-02
4.000000000000010492e-03	-1.733333333333333254e-02	-1.055599999999999941e-02	0.000000000000000000e+00	0.000000000000000000e+00	2.581198367438078956e-01
6.666666666666678370e-03	-1.733333333333333254e-02	-1.055599999999999941e-02	0.000000000000000000e+00	0.000000000000000000e+00	3.458043939010946310e-01
9.333333333333346249e-03	-1.733333333333333254e-02	-1.055599999999999941e-02	0.000000000000000000e+00	0.000000000000000000e+00	3.573737730007064406e-01
1.200000000000001413e-02	-1.733333333333333254e-02	-1.055599999999999941e-02	0.000000000000000000e+00	0.000000000000000000e+00	3.190921577383675767e-01
1.466666666666667854e-02	-1.733333333333333254e-02	-1.055599999999999941e-02	0.000000000000000000e+00	0.000000000000000000e+00	2.645385808028162811e-01
1.733333333333334988e-02	-1.733333333333333254e-02	-1.055599999999999941e-02	0.000000000000000000e+00	0.000000000000000000e+00	2.142658878658329769e-01
2.000000000000002123e-02	-1.733333333333333254e-02	-1.055599999999999941e-02	0.000000000000000000e+00	0.000000000000000000e+00	1.774196721756864104e-01
2.266666666666668564e-02	-1.733333333333333254e-02	-1.055599999999999941e-02	0.000000000000000000e+00	0.000000000000000000e+00	1.524794050840590220e-01
-2.000000000000000042e-02	-1.466666666666666466e-02	-1.055599999999999941e-02	0.000000000000000000e+00	0.000000000000000000e+00	-2.344269579665451964e-01
-1.733333333333333254e-02	-1.466666666666666466e-02	-1.055599999999999941e-02	0.000000000000000000e+00	0.000000000000000000e+00	-3.126365045851469127e-01
-1.466666666666666466e-02	-1.466666666666666466e-02	-1.055599999999999941e-02	0.000000000000000000e+00	0.000000000000000000e+00	-4.257433355088053872e-01
-1.199999999999999678e-02	-1.466666666666666466e-02	-1.055599999999999941e-02	0.000000000000000000e+00	0.000000000000000000e+00	-5.616714909851701076e-01
-9.333333333333328902e-03	-1.466666666666666466e-02	-1.055599999999999941e-02	0.000000000000000000e+00	0.000000000000000000e+00	-6.738786081852046195e-01
-6.666666666666661023e-03	-1.466666666666666466e-02	-1.055599999999999941e-02	0.000000000000000000e+00	0.000000000000000000e+00	-6.854808379795052087e-01
-3.999999999999993144e-03	-1.466666666666666466e-02	-1.055599999999999941e-02	0.000000000000000000e+00	0.000000000000000000e+00	-5.116484584253190304e-01
-1.333333333333325266e-03	-1.466666666666666466e-02	-1.055599999999999941e-02	0.000000000000000000e+00	0.000000000000000000e+00	-1.961789310462754565e-01
1.333333333333342613e-03	-1.466666666666666466e-02	-1.055599999999999941e-02	0.000000000000000000e+00	0.000000000000000000e+00	1.961789310462780378e-01
4.000000000000010492e-03	-1.466666666666666466e-02	-1.055599999999999941e-02	0.000000000000000000e+00	0.000000000000000000e+00	5.116484584253203627e-01
6.666666666666678370e-03	-1.466666666666666466e-02	-1.055599999999999941e-02	0.000000000000000000e+00	0.000000000000000000e+00	6.854808379795059858e-01
9.333333333333346249e-03	-1.466666666666666466e-02	-1.055599999999999941e-02	0.000000000000000000e+00	0.000000000000000000e+00	6.738786081852038423e-01
1.200000000000001413e-02	-1.466666666666666466e-02	-1.055599999999999941e-02	0.000000000000000000e+00	0.000000000000000000e+00	5.616714909851692195e-01
1.466666666666667854e-02	-1.466666666666666466e-02	-1.055599999999999941e-02	0.000000000000000000e+00	0.000000000000000000e+00	4.257433355088046656e-01
1.733333333333334988e-02	-1.466666666666666466e-02	-1.055599999999999941e-02	0.000000000000000000e+00	0.000000000000000000e+00	3.126365045851463020e-01
2.000000000000002123e-02	-1.466666666666666466e-02	-1.055599999999999941e-02	0.000000000000000000e+00	0.000000000000000000e+00	2.344269579665447800e-01
2.266666666666668564e-02	-1.466666666666666466e-02	-1.055599999999999941e-02	0.000000000000000000e+00	0.000000000000000000e+00	1.858765992810765266e-01
-2.000000000000000042e-02	-1.199999999999999678e-02	-1.055599999999999941e-02	0.000000000000000000e+00	0.000000000000000000e+00	-3.143712319343128780e-01
-1.733333333333333254e-02	-1.199999999999999678e-02	-1.055599999999999941e-02	0.000000000000000000e+00	0.000000000000000000e+00	-4.609108945109760547e-01
-1.466666666666666466e-02	-1.199999999999999678e-02	-1.055599999999999941e-02	0.000000000000000000e+00	0.000000000000000000e+00	-6.864873778707635266e-01
-1.199999999999999678e-02	-1.199999999999999678e-02	-1.055599999999999941e-02	0.000000000000000000e+00	0.000000000000000000e+00	-9.718931527905519951e-01
-9.333333333333328902e-03	-1.199999999999999678e-02	-1.055599999999999941e-02	0.000000000000000000e+00	0.000000000000000000e+00	-1.193846402992412958e+00
-6.666666666666661023e-03	-1.199999999999999678e-02	-1.055599999999999941e-02	0.000000000000000000e+00	0.000000000000000000e+00	-1.378028743253224997e+00
-3.999999999999993144e-03	-1.199999999999999678e-02	-1.055599999999999941e-02	0.000000000000000000e+00	0.000000000000000000e+00	-1.166793424533863144e+00
-1.333333333333325266e-03	-1.199999999999999678e-02	-1.055599999999999941e-02	0.000000000000000000e+00	0.000000000000000000e+00	-4.595976816987590863e-01
1.333333333333342613e-03	-1.199999999999999678e-02	-1.055599999999999941e-02	0.000000000000000000e+00	0.000000000000000000e+00	4.595976816987649705e-01
4.000000000000010492e-03	-1.199999999999999678e-02	-1.055599999999999941e-02	0.000000000000000000e+00	0.000000000000000000e+00	1.166793424533866030e+00
6.666666666666678370e-03	-1.199999999999999678e-02	-1.055599999999999941e-02	0.000000000000000000e+00	0.000000000000000000e+00	1.378028743253224109e+00
9.333333333333346249e-03	-1.199999999999999678e-02	-1.055599999999999941e-02	0.000000000000000000e+00	0.000000000000000000e+00	1.193846402992411848e+00
1.200000000000001413e-02	-1.199999999999999678e-02	-1.055599999999999941e-02	0.000000000000000000e+00	0.000000000000000000e+00	9.718931527905497747e-01
1.466666666666667854e-02	-1.199999999999999678e-02	-1.055599999999999941e-02	0.000000000000000000e+00	0.000000000000000000e+00	6.864873778707620833e-01
1.733333333333334988e-02	-1.199999999999999678e-02	-1.055599999999999941e-02	0.000000000000000000e+00	0.000000000000000000e+00	4.609108945109748889e-01
2.000000000000002123e-02	-1.199999999999999678e-02	-1.055599999999999941e-02	0.000000000000000000e+00	0.000000000000000000e+00	3.143712319343119344e-01
2.266666666666668564e-02	-1.199999999999999678e-02	-1.055599999999999941e-02	0.000000000000000000e+00	0.000000000000000000e+00	2.289827865626272996e-01
-2.000000000000000042e-02	-9.333333333333328902e-03	-1.055599999999999941e-02	0.000000000000000000e+00	0.000000000000000000e+00	-4.174706356059321721e-01
-1.733333333333333254e-02	-9.333333333333328902e-03	-1.055599999999999941e-02	0.000000000000000000e+00	0.000000000000000000e+00	-6.636941498584552068e-01
-1.466666666666666466e-02	-9.333333333333328902e-03	-1.055599999999999941e-02	0.000000000000000000e+00	0.000000000000000000e+00	-1.058952098576750656e+00
-1.199999999999999678e-02	-9.333333333333328902e-03	-1.055599999999999941e-02	0.000000000000000000e+00	0.000000000000000000e+00	-1.534945375275959423e+00
-9.333333333333328902e-03	-9.333333333333328902e-03	-1.055599999999999941e-02	0.000000000000000000e+00	0.000000000000000000e+00	-2.304174991229877012e+00
-6.666666666666661023e-03	-9.333333333333328902e-03	-1.055599999999999941e-02	0.000000000000000000e+00	0.000000000000000000e+00	-2.707613493560323104e+00
-3.999999999999993144e-03	-9.333333333333328902e-03	-1.055599999999999941e-02	0.000000000000000000e+00	0.000000000000000000e+00	-2.271855893353072808e+00
-1.333333333333325266e-03	-9.333333333333328902e-03	-1.055599999999999941e-02	0.000000000000000000e+00	0.000000000000000000e+00	-9.024943428823231084e-01
1.333333333333342613e-03	-9.333333333333328902e-03	-1.055599999999999941e-02	0.000000000000000000e+00	0.000000000000000000e+00	9.024943428823345437e-01
4.000000000000010492e-03	-9.333333333333328902e-03	-1.055599999999999941e-02	0.000000000000000000e+00	0.000000000000000000e+00	2.271855893353079026e+00
6.666666666666678370e-03	-9.333333333333328902e-03	-1.055599999999999941e-02	0.000000000000000000e+00	0.000000000000000000e+00	2.707613493560322215e+00
9.333333333333346249e-03	-9.333333333333328902e-03	-1.055599999999999941e-02	0.000000000000000000e+00	0.000000000000000000e+00	2.304174991229873459e+00
1.200000000000001413e-02	-9.333333333333328902e-03	-1.055599999999999941e-02	0.000000000000000000e+00	0.000000000000000000e+00	1.534945375275956536e+00
1.466666666666667854e-02	-9.333333333333328902e-03	-1.055599999999999941e-02	0.000000000000000000e+00	0.000000000000000000e+00	1.058952098576747325e+00
1.733333333333334988e-02	-9.333333333333328902e-03	-1.055599999999999941e-02	0.000000000000000000e+00	0.000000000000000000e+00	6.636941498584532084e-01
2.000000000000002123e-02	-9.333333333333328902e-03	-1.055599999999999941e-02	0.000000000000000000e+00	0.000000000000000000e+00	4.174706356059308399e-01
2.266666666666668564e-02	-9.333333333333328902e-03	-1.055599999999999941e-02	0.000000000000000000e+00	0.000000000000000000e+00	2.801938533630121131e-01
-2.000000000000000042e-02	-6.666666666666661023e-03	-1.055599999999999941e-02	0.000000000000000000e+00	0.000000000000000000e+00	-5.318202628972800161e-01
-1.733333333333333254e-02	-6.666666666666661023e-03	-1.055599999999999941e-02	0.000000000000000000e+00	0.000000000000000000e+00	-8.990914241428462628e-01
-1.466666666666666466e-02	-6.666666666666661023e-03	-1.055599999999999941e-02	0.000000000000000000e+00	0.000000000000000000e+00	-1.508057843554912791e+00
-1.199999999999999678e-02	-6.666666666666661023e-03	-1.055599999999999941e-02	0.000000000000000000e+00	0.000000000000000000e+00	-2.480451737855806194e+00
-9.333333333333328902e-03	-6.666666666666661023e-03	-1.055599999999999941e-02	0.000000000000000000e+00	0.000000000000000000e+00	-3.790658890984453411e+00
-6.666666666666661023e-03	-6.666666666666661023e-03	-1.055599999999999941e-02	0.000000000000000000e+00	0.000000000000000000e+00	-4.512471714411643298e+00
-3.999999999999993144e-03	-6.666666666666661023e-03	-1.055599999999999941e-02	0.000000000000000000e+00	0.000000000000000000e+00	-3.982606103240047268e+00
-1.333333333333325266e-03	-6.666666666666661023e-03	-1.055599999999999941e-02	0.000000000000000000e+00	0.000000000000000000e+00	-1.666115746679814658e+00
1.333333333333342613e-03	-6.666666666666661023e-03	-1.055599999999999941e-02	0.000000000000000000e+00	0.000000000000000000e+00	1.666115746679835308e+00
4.000000000000010492e-03	-6.666666666666661023e-03	-1.055599999999999941e-02	0.000000000000000000e+00	0.000000000000000000e+00	3.982606103240055262e+00
6.666666666666678370e-03	-6.666666666666661023e-03	-1.055599999999999941e-02	0.000000000000000000e+00	0.000000000000000000e+00	4.512471714411641521e+00
9.333333333333346249e-03	-6.666666666666661023e-03	-1.055599999999999941e-02	0.000000000000000000e+00	0.000000000000000000e+00	3.790658890984446749e+00
1.200000000000001413e-02	-6.666666666666661023e-03	-1.055599999999999941e-02	0.000000000000000000e+00	0.000000000000000000e+00	2.480451737855795535e+00
1.466666666666667854e-02	-6.666666666666661023e-03	-1.055599999999999941e-02	0.000000000000000000e+00	0.000000000000000000e+00	1.508057843554909461e+00
1.733333333333334988e-02	-6.666666666666661023e-03	-1.055599999999999941e-02	0.000000000000000000e+00	0.000000000000000000e+00	8.990914241428425990e-01
2.000000000000002123e-02	-6.666666666666661023e-03	-1.055599999999999941e-02	0.000000000000000000e+00	0.000000000000000000e+00	5.318202628972779067e-01
2.266666666666668564e-02	-6.666666666666661023e-03	-1.055599999999999941e-02	0.000000000000000000e+00	0.000000000000000000e+00	3.345459943377372403e-01
-2.000000000000000042e-02	-3.999999999999993144e-03	-1.055599999999999941e-02	0.000000000000000000e+00	0.000000000000000000e+00	-6.355021576292905205e-01
-1.733333333333333254e-02	-3.999999999999993144e-03	-1.055599999999999941e-02	0.000000000000000000e+00	0.000000000000000000e+00	-1.118519292556498401e+00
-1.466666666666666466e-02	-3.999999999999993144e-03	-1.055599999999999941e-02	0.000000000000000000e+00	0.000000000000000000e+00	-1.876044347559506109e+00
-1.199999999999999678e-02	-3.999999999999993144e-03	-1.055599999999999941e-02	0.000000000000000000e+00	0.000000000000000000e+00	-3.500380273601593206e+00
-9.333333333333328902e-03	-3.999999999999993144e-03	-1.055599999999999941e-02	0.000000000000000000e+00	0.000000000000000000e+00	-5.300997084490510325e+00
-6.666666666666661023e-03	-3.999999999999993144e-03	-1.055599999999999941e-02	0.000000000000000000e+00	0.000000000000000000e+00	-6.637676838733415963e+00
-3.999999999999993144e-03	-3.999999999999993144e-03	-1.055599999999999941e-02	0.000000000000000000e+00	0.000000000000000000e+00	-6.576667037205305988e+00
-1.333333333333325266e-03	-3.999999999999993144e-03	-1.055599999999999941e-02	0.000000000000000000e+00	0.000000000000000000e+00	-3.214793694617287478e+00
1.333333333333342613e-03	-3.999999999999993144e-03	-1.055599999999999941e-02	0.000000000000000000e+00	0.000000000000000000e+00	3.214793694617323894e+00
4.000000000000010492e-03	-3.999999999999993144e-03	-1.055599999999999941e-02	0.000000000000000000e+00	0.000000000000000000e+00	6.576667037205314870e+00
6.666666666666678370e-03	-3.999999999999993144e-03	-1.055599999999999941e-02	0.000000000000000000e+00	0.000000000000000000e+00	6.637676838733410634e+00
9.333333333333346249e-03	-3.999999999999993144e-03	-1.055599999999999941e-02	0.000000000000000000e+00	0.000000000000000000e+00	5.300997084490499667e+00
1.200000000000001413e-02	-3.999999999999993144e-03	-1.055599999999999941e-02	0.000000000000000000e+00	0.000000000000000000e+00	3.500380273601581660e+00
1.466666666666667854e-02	-3.999999999999993144e-03	-1.055599999999999941e-02	0.000000000000000000e+00	0.000000000000000000e+00	1.876044347559501002e+00
1.733333333333334988e-02	-3.999999999999993144e-03	-1.055599999999999941e-02	0.000000000000000000e+00	0.000000000000000000e+00	1.118519292556493960e+00
2.000000000000002123e-02	-3.999999999999993144e-03	-1.055599999999999941e-02	0.000000000000000000e+00	0.000000000000000000e+00	6.355021576292877450e-01
2.266666666666668564e-02	-3.999999999999993144e-03	-1.055599999999999941e-02	0.000000000000000000e+00	0.000000000000000000e+00	3.811482344175787795e-01
-2.000000000000000042e-02	-1.333333333333325266e-03	-1.055599999999999941e-02	0.000000000000000000e+00	0.000000000000000000e+00	-6.965998908908124232e-01
-1.733333333333333254e-02	-1.333333333333325266e-03	-1.055599999999999941e-02	0.000000000000000000e+00	0.000000000000000000e+00	-1.251488843772522230e+00
-1.466666666666666466e-02	-1.333333333333325266e-03	-1.055599999999999941e-02	0.000000000000000000e+00	0.000000000000000000e+00	-2.157968241509041540e+00
-1.199999999999999678e-02	-1.333333333333325266e-03	-1.055599999999999941e-02	0.000000000000000000e+00	0.000000000000000000e+00	-4.136379135288859032e+00
-9.333333333333328902e-03	-1.333333333333325266e-03	-1.055599999999999941e-02	0.000000000000000000e+00	0.000000000000000000e+00	-6.317460400176299729e+00
-6.666666666666661023e-03	-1.333333333333325266e-03	-1.055599999999999941e-02	0.000000000000000000e+00	0.000000000000000000e+00	-8.330578733399118363e+00
-3.999999999999993144e-03	-1.333333333333325266e-03	-1.055599999999999941e-02	0.000000000000000000e+00	0.000000000000000000e+00	-9.644381083851902403e+00
-1.333333333333325266e-03	-1.333333333333325266e-03	-1.055599999999999941e-02	0.000000000000000000e+00	0.000000000000000000e+00	-7.754941881891689981e+00
1.333333333333342613e-03	-1.333333333333325266e-03	-1.055599999999999941e-02	0.000000000000000000e+00	0.000000000000000000e+00	7.754941881891738831e+00
4.000000000000010492e-03	-1.333333333333325266e-03	-1.055599999999999941e-02	0.000000000000000000e+00	0.000000000000000000e+00	9.644381083851897074e+00
6.666666666666678370e-03	-1.333333333333325266e-03	-1.055599999999999941e-02	0.000000000000000000e+00	0.000000000000000000e+00	8.330578733399107705e+00
9.333333333333346249e-03	-1.333333333333325266e-03	-1.055599999999999941e-02	0.000000000000000000e+00	0.000000000000000000e+00	6.317460400176285518e+00
1.200000000000001413e-02	-1.333333333333325266e-03	-1.055599999999999941e-02	0.000000000000000000e+00	0.000000000000000000e+00	4.136379135288844822e+00
1.466666666666667854e-02	-1.333333333333325266e-03	-1.055599999999999941e-02	0.000000000000000000e+00	0.000000000000000000e+00	2.157968241509033991e+00
1.733333333333334988e-02	-1.333333333333325266e-03	-1.055599999999999941e-02	0.000000000000000000e+00	0.000000000000000000e+00	1.251488843772517345e+00
2.000000000000002123e-02	-1.333333333333325266e-03	-1.055599999999999941e-02	0.000000000000000000e+00	0.000000000000000000e+00	6.965998908908094256e-01
2.266666666666668564e-02	-1.333333333333325266e-03	-1.055599999999999941e-02	0.000000000000000000e+00	0.000000000000000000e+00	4.088323521498060109e-01
-2.000000000000000042e-02	1.333333333333342613e-03	-1.055599999999999941e-02	0.000000000000000000e+00	0.000000000000000000e+00	-6.965998908908124232e-01
-1.733333333333333254e-02	1.333333333333342613e-03	-1.055599999999999941e-02	0.000000000000000000e+00	0.000000000000000000e+00	-1.251488843772520898e+00
-1.466666666666666466e-02	1.333333333333342613e-03	-1.055599999999999941e-02	0.000000000000000000e+00	0.000000000000000000e+00	-2.157968241509040208e+00
-1.199999999999999678e-02	1.333333333333342613e-03	-1.055599999999999941e-02	0.000000000000000000e+00	0.000000000000000000e+00	-4.136379135288857256e+00
-9.333333333333328902e-03	1.333333333333342613e-03	-1.055599999999999941e-02	0.000000000000000000e+00	0.000000000000000000e+00	-6.317460400176294399e+00
-6.666666666666661023e-03	1.333333333333342613e-03	-1.055599999999999941e-02	0.000000000000000000e+00	0.000000000000000000e+00	-8.330578733399111258e+00
-3.999999999999993144e-03	1.333333333333342613e-03	-1.055599999999999941e-02	0.000000000000000000e+00	0.000000000000000000e+00	-9.644381083851888192e+00
-1.333333333333325266e-03	1.333333333333342613e-03	-1.055599999999999941e-02	0.000000000000000000e+00	0.000000000000000000e+00	-7.754941881891638467e+00
1.333333333333342613e-03	1.333333333333342613e-03	-1.055599999999999941e-02	0.000000000000000000e+00	0.000000000000000000e+00	7.754941881891686428e+00
4.000000000000010492e-03	1.333333333333342613e-03	-1.055599999999999941e-02	0.000000000000000000e+00	0.000000000000000000e+00	9.644381083851881087e+00
6.666666666666678370e-03	1.333333333333342613e-03	-1.055599999999999941e-02	0.000000000000000000e+00	0.000000000000000000e+00	8.330578733399100599e+00
9.333333333333346249e-03	1.333333333333342613e-03	-1.055599999999999941e-02	0.000000000000000000e+00	0.000000000000000000e+00	6.317460400176282853e+00
1.200000000000001413e-02	1.333333333333342613e-03	-1.055599999999999941e-02	0.000000000000000000e+00	0.000000000000000000e+00	4.136379135288843045e+00
1.466666666666667854e-02	1.333333333333342613e-03	-1.055599999999999941e-02	0.000000000000000000e+00	0.000000000000000000e+00	2.157968241509032659e+00
1.733333333333334988e-02	1.333333333333342613e-03	-1.055599999999999941e-02	0.000000000000000000e+00	0.000000000000000000e+00	1.251488843772516013e+00
2.000000000000002123e-02	1.333333333333342613e-03	-1.055599999999999941e-02	0.000000000000000000e+00	0.000000000000000000e+00	6.965998908908093146e-01
2.266666666666668564e-02	1.333333333333342613e-03	-1.055599999999999941e-02	0.000000000000000000e+00	0.000000000000000000e+00	4.088323521498057889e-01
-2.000000000000000042e-02	4.000000000000010492e-03	-1.055599999999999941e-02	0.000000000000000000e+00	0.000000000000000000e+00	-6.355021576292899654e-01
-1.733333333333333254e-02	4.000000000000010492e-03	-1.055599999999999941e-02	0.000000000000000000e+00	0.000000000000000000e+00	-1.118519292556497291e+00
-1.466666666666666466e-02	4.000000000000010492e-03	-1.055599999999999941e-02	0.000000000000000000e+00	0.000000000000000000e+00	-1.876044347559503223e+00
-1.199999999999999678e-02	4.000000000000010492e-03	-1.055599999999999941e-02	0.000000000000000000e+00	0.000000000000000000e+00	-3.500380273601587433e+00
-9.333333333333328902e-03	4.000000000000010492e-03	-1.055599999999999941e-02	0.000000000000000000e+00	0.000000000000000000e+00	-5.300997084490501443e+00
-6.666666666666661023e-03	4.000000000000010492e-03	-1.055599999999999941e-02	0.000000000000000000e+00	0.000000000000000000e+00	-6.637676838733403528e+00
-3.999999999999993144e-03	4.000000000000010492e-03	-1.055599999999999941e-02	0.000000000000000000e+00	0.000000000000000000e+00	-6.576667037205286448e+00
-1.333333333333325266e-03	4.000000000000010492e-03	-1.055599999999999941e-02	0.000000000000000000e+00	0.000000000000000000e+00	-3.214793694617271491e+00
1.333333333333342613e-03	4.000000000000010492e-03	-1.055599999999999941e-02	0.000000000000000000e+00	0.000000000000000000e+00	3.214793694617308351e+00
4.000000000000010492e-03	4.000000000000010492e-03	-1.055599999999999941e-02	0.000000000000000000e+00	0.000000000000000000e+00	6.576667037205296218e+00
6.666666666666678370e-03	4.000000000000010492e-03	-1.055599999999999941e-02	0.000000000000000000e+00	0.000000000000000000e+00	6.637676838733397311e+00
9.333333333333346249e-03	4.000000000000010492e-03	-1.055599999999999941e-02	0.000000000000000000e+00	0.000000000000000000e+00	5.300997084490490785e+00
1.200000000000001413e-02	4.000000000000010492e-03	-1.055599999999999941e-02	0.000000000000000000e+00	0.000000000000000000e+00	3.500380273601575887e+00
1.466666666666667854e-02	4.000000000000010492e-03	-1.055599999999999941e-02	0.000000000000000000e+00	0.000000000000000000e+00	1.876044347559498560e+00
1.733333333333334988e-02	4.000000000000010492e-03	-1.055599999999999941e-02	0.000000000000000000e+00	0.000000000000000000e+00	1.118519292556493072e+00
2.000000000000002123e-02	4.000000000000010492e-03	-1.055599999999999941e-02	0.000000000000000000e+00	0.000000000000000000e+00	6.355021576292871899e-01
2.266666666666668564e-02	4.000000000000010492e-03	-1.055599999999999941e-02	0.000000000000000000e+00	0.000000000000000000e+00	3.811482344175785020e-01
-2.000000000000000042e-02	6.666666666666678370e-03	-1.055599999999999941e-02	0.000000000000000000e+00	0.000000000000000000e+00	-5.318202628972792390e-01
-1.733333333333333254e-02	6.666666666666678370e-03	-1.055599999999999941e-02	0.000000000000000000e+00	0.000000000000000000e+00	-8.990914241428444864e-01
-1.466666666666666466e-02	6.666666666666678370e-03	-1.055599999999999941e-02	0.000000000000000000e+00	0.000000000000000000e+00	-1.508057843554910349e+00
-1.199999999999999678e-02	6.666666666666678370e-03	-1.055599999999999941e-02	0.000000000000000000e+00	0.000000000000000000e+00	-2.480451737855798644e+00
-9.333333333333328902e-03	6.666666666666678370e-03	-1.055599999999999941e-02	0.000000000000000000e+00	0.000000000000000000e+00	-3.790658890984443641e+00
-6.666666666666661023e-03	6.666666666666678370e-03	-1.055599999999999941e-02	0.000000000000000000e+00	0.000000000000000000e+00	-4.512471714411629087e+00
-3.999999999999993144e-03	6.666666666666678370e-03	-1.055599999999999941e-02	0.000000000000000000e+00	0.000000000000000000e+00	-3.982606103240033057e+00
-1.333333333333325266e-03	6.666666666666678370e-03	-1.055599999999999941e-02	0.000000000000000000e+00	0.000000000000000000e+00	-1.666115746679808662e+00
1.333333333333342613e-03	6.666666666666678370e-03	-1.055599999999999941e-02	0.000000000000000000e+00	0.000000000000000000e+00	1.666115746679829535e+00
4.000000000000010492e-03	6.666666666666678370e-03	-1.055599999999999941e-02	0.000000000000000000e+00	0.000000000000000000e+00	3.982606103240041939e+00
6.666666666666678370e-03	6.666666666666678370e-03	-1.055599999999999941e-02	0.000000000000000000e+00	0.000000000000000000e+00	4.512471714411629087e+00
9.333333333333346249e-03	6.666666666666678370e-03	-1.055599999999999941e-02	0.000000000000000000e+00	0.000000000000000000e+00	3.790658890984435647e+00
1.200000000000001413e-02	6.666666666666678370e-03	-1.055599999999999941e-02	0.000000000000000000e+00	0.000000000000000000e+00	2.480451737855788430e+00
1.466666666666667854e-02	6.666666666666678370e-03	-1.055599999999999941e-02	0.000000000000000000e+00	0.000000000000000000e+00	1.508057843554906796e+00
1.733333333333334988e-02	6.666666666666678370e-03	-1.055599999999999941e-02	0.000000000000000000e+00	0.000000000000000000e+00	8.990914241428408227e-01
2.000000000000002123e-02	6.666666666666678370e-03	-1.055599999999999941e-02	0.000000000000000000e+00	0.000000000000000000e+00	5.318202628972771295e-01
2.266666666666668564e-02	6.666666666666678370e-03	-1.055599999999999941e-02	0.000000000000000000e+00	0.000000000000000000e+00	3.345459943377370182e-01
-2.000000000000000042e-02	9.333333333333346249e-03	-1.055599999999999941e-02	0.000000000000000000e+00	0.000000000000000000e+00	-4.174706356059317836e-01
-1.733333333333333254e-02	9.333333333333346249e-03	-1.055599999999999941e-02	0.000000000000000000e+00	0.000000000000000000e+00	-6.636941498584539856e-01
-1.466666666666666466e-02	9.333333333333346249e-03	-1.055599999999999941e-02	0.000000000000000000e+00	0.000000000000000000e+00	-1.058952098576747325e+00
-1.199999999999999678e-02	9.333333333333346249e-03	-1.055599999999999941e-02	0.000000000000000000e+00	0.000000000000000000e+00	-1.534945375275955870e+00
-9.333333333333328902e-03	9.333333333333346249e-03	-1.055599999999999941e-02	0.000000000000000000e+00	0.000000000000000000e+00	-2.304174991229869018e+00
-6.666666666666661023e-03	9.333333333333346249e-03	-1.055599999999999941e-02	0.000000000000000000e+00	0.000000000000000000e+00	-2.707613493560312889e+00
-3.999999999999993144e-03	9.333333333333346249e-03	-1.055599999999999941e-02	0.000000000000000000e+00	0.000000000000000000e+00	-2.271855893353063927e+00
-1.333333333333325266e-03	9.333333333333346249e-03	-1.055599999999999941e-02	0.000000000000000000e+00	0.000000000000000000e+00	-9.024943428823195557e-01
1.333333333333342613e-03	9.333333333333346249e-03	-1.055599999999999941e-02	0.000000000000000000e+00	0.000000000000000000e+00	9.024943428823313241e-01
4.000000000000010492e-03	9.333333333333346249e-03	-1.055599999999999941e-02	0.000000000000000000e+00	0.000000000000000000e+00	2.271855893353070144e+00
6.666666666666678370e-03	9.333333333333346249e-03	-1.055599999999999941e-02	0.000000000000000000e+00	0.000000000000000000e+00	2.707613493560312445e+00
9.333333333333346249e-03	9.333333333333346249e-03	-1.055599999999999941e-02	0.000000000000000000e+00	0.000000000000000000e+00	2.304174991229865022e+00
1.200000000000001413e-02	9.333333333333346249e-03	-1.055599999999999941e-02	0.000000000000000000e+00	0.000000000000000000e+00	1.534945375275952317e+00
1.466666666666667854e-02	9.333333333333346249e-03	-1.055599999999999941e-02	0.000000000000000000e+00	0.000000000000000000e+00	1.058952098576744216e+00
1.733333333333334988e-02	9.333333333333346249e-03	-1.055599999999999941e-02	0.000000000000000000e+00	0.000000000000000000e+00	6.636941498584518762e-01
2.000000000000002123e-02	9.333333333333346249e-03	-1.055599999999999941e-02	0.000000000000000000e+00	0.000000000000000000e+00	4.174706356059300627e-01
2.266666666666668564e-02	9.333333333333346249e-03	-1.055599999999999941e-02	0.000000000000000000e+00	0.000000000000000000e+00	2.801938533630117245e-01
-2.000000000000000042e-02	1.200000000000001413e-02	-1.055599999999999941e-02	0.000000000000000000e+00	0.000000000000000000e+00	-3.143712319343124340e-01
-1.733333333333333254e-02	1.200000000000001413e-02	-1.055599999999999941e-02	0.000000000000000000e+00	0.000000000000000000e+00	-4.609108945109748334e-01
-1.466666666666666466e-02	1.200000000000001413e-02	-1.055599999999999941e-02	0.000000000000000000e+00	0.000000000000000000e+00	-6.864873778707614171e-01
-1.199999999999999678e-02	1.200000000000001413e-02	-1.055599999999999941e-02	0.000000000000000000e+00	0.000000000000000000e+00	-9.718931527905485535e-01
-9.333333333333328902e-03	1.200000000000001413e-02	-1.055599999999999941e-02	0.000000000000000000e+00	0.000000000000000000e+00	-1.193846402992408740e+00
-6.666666666666661023e-03	1.200000000000001413e-02	-1.055599999999999941e-02	0.000000000000000000e+00	0.000000000000000000e+00	-1.378028743253216781e+00
-3.999999999999993144e-03	1.200000000000001413e-02	-1.055599999999999941e-02	0.000000000000000000e+00	0.000000000000000000e+00	-1.166793424533857149e+00
-1.333333333333325266e-03	1.200000000000001413e-02	-1.055599999999999941e-02	0.000000000000000000e+00	0.000000000000000000e+00	-4.595976816987575320e-01
1.333333333333342613e-03	1.200000000000001413e-02	-1.055599999999999941e-02	0.000000000000000000e+00	0.000000000000000000e+00	4.595976816987634161e-01
4.000000000000010492e-03	1.200000000000001413e-02	-1.055599999999999941e-02	0.000000000000000000e+00	0.000000000000000000e+00	1.166793424533860257e+00
6.666666666666678370e-03	1.200000000000001413e-02	-1.055599999999999941e-02	0.000000000000000000e+00	0.000000000000000000e+00	1.378028743253216337e+00
9.333333333333346249e-03	1.200000000000001413e-02	-1.055599999999999941e-02	0.000000000000000000e+00	0.000000000000000000e+00	1.193846402992407851e+00
1.200000000000001413e-02	1.200000000000001413e-02	-1.055599999999999941e-02	0.000000000000000000e+00	0.000000000000000000e+00	9.718931527905469991e-01
1.466666666666667854e-02	1.200000000000001413e-02	-1.055599999999999941e-02	0.000000000000000000e+00	0.000000000000000000e+00	6.864873778707601959e-01
1.733333333333334988e-02	1.200000000000001413e-02	-1.055599999999999941e-02	0.000000000000000000e+00	0.000000000000000000e+00	4.609108945109737787e-01
2.000000000000002123e-02	1.200000000000001413e-02	-1.055599999999999941e-02	0.000000000000000000e+00	0.000000000000000000e+00	3.143712319343112682e-01
2.266666666666668564e-02	1.200000000000001413e-02	-1.055599999999999941e-02	0.000000000000000000e+00	0.000000000000000000e+00	2.289827865626270498e-01
-2.000000000000000042e-02	1.466666666666667854e-02	-1.055599999999999941e-02	0.000000000000000000e+00	0.000000000000000000e+00	-2.344269579665449743e-01
-1.733333333333333254e-02	1.466666666666667854e-02	-1.055599999999999941e-02	0.000000000000000000e+00	0.000000000000000000e+00	-3.126365045851462465e-01
-1.466666666666666466e-02	1.466666666666667854e-02	-1.055599999999999941e-02	0.000000000000000000e+00	0.000000000000000000e+00	-4.257433355088042215e-01
-1.199999999999999678e-02	1.466666666666667854e-02	-1.055599999999999941e-02	0.000000000000000000e+00	0.000000000000000000e+00	-5.616714909851685533e-01
-9.333333333333328902e-03	1.466666666666667854e-02	-1.055599999999999941e-02	0.000000000000000000e+00	0.000000000000000000e+00	-6.738786081852021770e-01
-6.666666666666661023e-03	1.466666666666667854e-02	-1.055599999999999941e-02	0.000000000000000000e+00	0.000000000000000000e+00	-6.854808379795028772e-01
-3.999999999999993144e-03	1.466666666666667854e-02	-1.055599999999999941e-02	0.000000000000000000e+00	0.000000000000000000e+00	-5.116484584253172541e-01
-1.333333333333325266e-03	1.466666666666667854e-02	-1.055599999999999941e-02	0.000000000000000000e+00	0.000000000000000000e+00	-1.961789310462743186e-01
1.333333333333342613e-03	1.466666666666667854e-02	-1.055599999999999941e-02	0.000000000000000000e+00	0.000000000000000000e+00	1.961789310462768721e-01
4.000000000000010492e-03	1.466666666666667854e-02	-1.055599999999999941e-02	0.000000000000000000e+00	0.000000000000000000e+00	5.116484584253186974e-01
6.666666666666678370e-03	1.466666666666667854e-02	-1.055599999999999941e-02	0.000000000000000000e+00	0.000000000000000000e+00	6.854808379795036544e-01
9.333333333333346249e-03	1.466666666666667854e-02	-1.055599999999999941e-02	0.000000000000000000e+00	0.000000000000000000e+00	6.738786081852012888e-01
1.200000000000001413e-02	1.466666666666667854e-02	-1.055599999999999941e-02	0.000000000000000000e+00	0.000000000000000000e+00	5.616714909851675541e-01
1.466666666666667854e-02	1.466666666666667854e-02	-1.055599999999999941e-02	0.000000000000000000e+00	0.000000000000000000e+00	4.257433355088036109e-01
1.733333333333334988e-02	1.466666666666667854e-02	-1.055599999999999941e-02	0.000000000000000000e+00	0.000000000000000000e+00	3.126365045851458024e-01
2.000000000000002123e-02	1.466666666666667854e-02	-1.055599999999999941e-02	0.000000000000000000e+00	0.000000000000000000e+00	2.344269579665444470e-01
2.266666666666668564e-02	1.466666666666667854e-02	-1.055599999999999941e-02	0.000000000000000000e+00	0.000000000000000000e+00	1.858765992810763323e-01
-2.000000000000000042e-02	1.733333333333334988e-02	-1.055599999999999941e-02	0.000000000000000000e+00	0.000000000000000000e+00	-1.774196721756862993e-01
-1.733333333333333254e-02	1.733333333333334988e-02	-1.055599999999999941e-02	0.000000000000000000e+00	0.000000000000000000e+00	-2.142658878658327548e-01
-1.466666666666666466e-02	1.733333333333334988e-02	-1.055599999999999941e-02	0.000000000000000000e+00	0.000000000000000000e+00	-2.645385808028157815e-01
-1.199999999999999678e-02	1.733333333333334988e-02	-1.055599999999999941e-02	0.000000000000000000e+00	0.000000000000000000e+00	-3.190921577383669661e-01
-9.333333333333328902e-03	1.733333333333334988e-02	-1.055599999999999941e-02	0.000000000000000000e+00	0.000000000000000000e+00	-3.573737730007050528e-01
-6.666666666666661023e-03	1.733333333333334988e-02	-1.055599999999999941e-02	0.000000000000000000e+00	0.000000000000000000e+00	-3.458043939010926882e-01
-3.999999999999993144e-03	1.733333333333334988e-02	-1.055599999999999941e-02	0.000000000000000000e+00	0.000000000000000000e+00	-2.581198367438056196e-01
-1.333333333333325266e-03	1.733333333333334988e-02	-1.055599999999999941e-02	0.000000000000000000e+00	0.000000000000000000e+00	-9.626837259788513512e-02
1.333333333333342613e-03	1.733333333333334988e-02	-1.055599999999999941e-02	0.000000000000000000e+00	0.000000000000000000e+00	9.626837259788631473e-02
4.000000000000010492e-03	1.733333333333334988e-02	-1.055599999999999941e-02	0.000000000000000000e+00	0.000000000000000000e+00	2.581198367438066188e-01
6.666666666666678370e-03	1.733333333333334988e-02	-1.055599999999999941e-02	0.000000000000000000e+00	0.000000000000000000e+00	3.458043939010928547e-01
9.333333333333346249e-03	1.733333333333334988e-02	-1.055599999999999941e-02	0.000000000000000000e+00	0.000000000000000000e+00	3.573737730007049973e-01
1.200000000000001413e-02	1.733333333333334988e-02	-1.055599999999999941e-02	0.000000000000000000e+00	0.000000000000000000e+00	3.190921577383665220e-01
1.466666666666667854e-02	1.733333333333334988e-02	-1.055599999999999941e-02	0.000000000000000000e+00	0.000000000000000000e+00	2.645385808028156149e-01
1.733333333333334988e-02	1.733333333333334988e-02	-1.055599999999999941e-02	0.000000000000000000e+00	0.000000000000000000e+00	2.142658878658325328e-01
2.000000000000002123e-02	1.733333333333334988e-02	-1.055599999999999941e-02	0.000000000000000000e+00	0.000000000000000000e+00	1.774196721756861050e-01
2.266666666666668564e-02	1.733333333333334988e-02	-1.055599999999999941e-02	0.000000000000000000e+00	0.000000000000000000e+00	1.524794050840588278e-01
-2.000000000000000042e-02	2.000000000000002123e-02	-1.055599999999999941e-02	0.000000000000000000e+00	0.000000000000000000e+00	-1.386223995470434456e-01
-1.733333333333333254e-02	2.000000000000002123e-02	-1.055599999999999941e-02	0.000000000000000000e+00	0.000000000000000000e+00	-1.537637158855947317e-01
-1.466666666666666466e-02	2.000000000000002123e-02	-1.055599999999999941e-02	0.000000000000000000e+00	0.000000000000000000e+00	-1.719131025087993203e-01
-1.199999999999999678e-02	2.000000000000002123e-02	-1.055599999999999941e-02	0.000000000000000000e+00	0.000000000000000000e+00	-1.886227391605869441e-01
-9.333333333333328902e-03	2.000000000000002123e-02	-1.055599999999999941e-02	0.000000000000000000e+00	0.000000000000000000e+00	-1.948196299494340533e-01
-6.666666666666661023e-03	2.000000000000002123e-02	-1.055599999999999941e-02	0.000000000000000000e+00	0.000000000000000000e+00	-1.772734209657589599e-01
-3.999999999999993144e-03	2.000000000000002123e-02	-1.055599999999999941e-02	0.000000000000000000e+00	0.000000000000000000e+00	-1.271004315258571493e-01
-1.333333333333325266e-03	2.000000000000002123e-02	-1.055599999999999941e-02	0.000000000000000000e+00	0.000000000000000000e+00	-4.643999272605357082e-02
1.333333333333342613e-03	2.000000000000002123e-02	-1.055599999999999941e-02	0.000000000000000000e+00	0.000000000000000000e+00	4.643999272605427858e-02
4.000000000000010492e-03	2.000000000000002123e-02	-1.055599999999999941e-02	0.000000000000000000e+00	0.000000000000000000e+00	1.271004315258577044e-01
6.666666666666678370e-03	2.000000000000002123e-02	-1.055599999999999941e-02	0.000000000000000000e+00	0.000000000000000000e+00	1.772734209657591542e-01
9.333333333333346249e-03	2.000000000000002123e-02	-1.055599999999999941e-02	0.000000000000000000e+00	0.000000000000000000e+00	1.948196299494341088e-01
1.200000000000001413e-02	2.000000000000002123e-02	-1.055599999999999941e-02	0.000000000000000000e+00	0.000000000000000000e+00	1.886227391605867221e-01
1.466666666666667854e-02	2.000000000000002123e-02	-1.055599999999999941e-02	0.000000000000000000e+00	0.000000000000000000e+00	1.719131025087992093e-01
1.733333333333334988e-02	2.000000000000002123e-02	-1.055599999999999941e-02	0.000000000000000000e+00	0.000000000000000000e+00	1.537637158855946207e-01
2.000000000000002123e-02	2.000000000000002123e-02	-1.055599999999999941e-02	0.000000000000000000e+00	0.000000000000000000e+00	1.386223995470433623e-01
2.266666666666668564e-02	2.000000000000002123e-02	-1.055599999999999941e-02	0.000000000000000000e+00	0.000000000000000000e+00	1.272443439625521311e-01
-2.000000000000000042e-02	2.266666666666668564e-02	-1.055599999999999941e-02	0.000000000000000000e+00	0.000000000000000000e+00	-1.122744211434284350e-01
-1.733333333333333254e-02	2.266666666666668564e-02	-1.055599999999999941e-02	0.000000000000000000e+00	0.000000000000000000e+00	-1.166018980054568249e-01
-1.466666666666666466e-02	2.266666666666668564e-02	-1.055599999999999941e-02	0.000000000000000000e+00	0.000000000000000000e+00	-1.202730936524611938e-01
-1.199999999999999678e-02	2.266666666666668564e-02	-1.055599999999999941e-02	0.000000000000000000e+00	0.000000000000000000e+00	-1.212261811213907886e-01
-9.333333333333328902e-03	2.266666666666668564e-02	-1.055599999999999941e-02	0.000000000000000000e+00	0.000000000000000000e+00	-1.153739396200636341e-01
-6.666666666666661023e-03	2.266666666666668564e-02	-1.055599999999999941e-02	0.000000000000000000e+00	0.000000000000000000e+00	-9.839588068756964512e-02
-3.999999999999993144e-03	2.266666666666668564e-02	-1.055599999999999941e-02	0.000000000000000000e+00	0.000000000000000000e+00	-6.726145313251374880e-02
-1.333333333333325266e-03	2.266666666666668564e-02	-1.055599999999999941e-02	0.000000000000000000e+00	0.000000000000000000e+00	-2.404896189116488558e-02
1.333333333333342613e-03	2.266666666666668564e-02	-1.055599999999999941e-02	0.000000000000000000e+00	0.000000000000000000e+00	2.404896189116519437e-02
4.000000000000010492e-03	2.266666666666668564e-02	-1.055599999999999941e-02	0.000000000000000000e+00	0.000000000000000000e+00	6.726145313251401248e-02
6.666666666666678370e-03	2.266666666666668564e-02	-1.055599999999999941e-02	0.000000000000000000e+00	0.000000000000000000e+00	9.839588068756978390e-02
9.333333333333346249e-03	2.266666666666668564e-02	-1.055599999999999941e-02	0.000000000000000000e+00	0.000000000000000000e+00	1.153739396200637313e-01
1.200000000000001413e-02	2.266666666666668564e-02	-1.055599999999999941e-02	0.000000000000000000e+00	0.000000000000000000e+00	1.212261811213908025e-01
1.466666666666667854e-02	2.266666666666668564e-02	-1.055599999999999941e-02	0.000000000000000000e+00	0.000000000000000000e+00	1.202730936524611660e-01
1.733333333333334988e-02	2.266666666666668564e-02	-1.055599999999999941e-02	0.000000000000000000e+00	0.000000000000000000e+00	1.166018980054567694e-01
2.000000000000002123e-02	2.266666666666668564e-02	-1.055599999999999941e-02	0.000000000000000000e+00	0.000000000000000000e+00	1.122744211434283934e-01
2.266666666666668564e-02	2.266666666666668564e-02	-1.055599999999999941e-02	0.000000000000000000e+00	0.000000000000000000e+00	1.082416818906631883e-01
